2167,21636,2167,0
