7932,77667,578,5
